6.0
24.0
16.6666666667
13.0
12.8
11.0
11.1428571429
10.0
9.11111111111
9.4
8.72727272727
10.5
12.0
12.5714285714
12.5333333333
11.875
11.2941176471
10.7777777778
10.5263157895
10.1
9.71428571429
9.36363636364
10.7826086957
10.5833333333
10.24
10.6153846154
10.962962963
10.7857142857
10.6206896552
10.3333333333
10.064516129
10.125
9.87878787879
10.1764705882
9.94285714286
9.72222222222
10.2702702703
10.7894736842
10.5641025641
10.35
10.3902439024
11.4761904762
11.2558139535
11.1363636364
11.3333333333
11.5217391304
11.3191489362
11.9583333333
11.7551020408
11.56
11.568627451
11.3846153846
11.2075471698
11.2222222222
11.0545454545
11.2142857143
11.1228070175
10.9655172414
10.813559322
10.6666666667
10.8196721311
11.3225806452
11.1746031746
11.09375
10.9538461538
10.8787878788
10.8955223881
10.8235294118
10.9565217391
11.2285714286
11.661971831
11.7777777778
11.8904109589
12.1351351351
12.0533333333
11.9210526316
11.8441558442
11.9487179487
11.8734177215
11.75
11.6790123457
11.6097560976
11.4939759036
11.380952381
11.2705882353
11.1627906977
11.0574712644
10.9545454545
10.8539325843
10.8
11.010989011
10.9565217391
10.8602150538
10.8723404255
10.9684210526
11.1666666667
11.0721649485
10.9795918367
10.8888888889
10.98
11.0693069307
10.9803921569
11.067961165
11.0769230769
11.0857142857
11.0377358491
11.046728972
11.2222222222
11.1376146789
11.0545454545
10.972972973
11.1428571429
11.1504424779
11.0701754386
11.147826087
11.0689655172
11.3333333333
11.2542372881
11.6302521008
11.55
11.5041322314
11.5737704918
11.5284552846
11.4516129032
11.408
11.3650793651
11.3228346457
11.25
11.1782945736
11.1076923077
11.0381679389
11.0454545455
11.1879699248
11.2537313433
11.2148148148
11.3529411765
11.3138686131
11.3188405797
11.2517985612
11.2142857143
11.1489361702
11.0845070423
11.1468531469
11.2777777778
11.3379310345
11.2739726027
11.2789115646
11.3378378378
11.3959731544
11.3333333333
11.2715231788
11.3289473684
11.385620915
11.3896103896
11.5096774194
11.4487179487
11.4140127389
11.3544303797
11.320754717
11.2625
11.2049689441
11.3209876543
11.2883435583
11.256097561
11.2
11.2048192771
11.2095808383
11.1547619048
11.124260355
11.1294117647
11.134502924
11.0813953488
11.4335260116
11.4022988506
11.3485714286
11.6931818182
11.6384180791
11.6853932584
11.6312849162
11.7333333333
11.679558011
11.6483516484
11.5956284153
11.5434782609
11.6432432432
11.6451612903
11.5935828877
11.5721925134
11.4565217391
11.4594594595
11.623655914
11.5935828877
11.5957446809
11.544973545
11.5935828877
11.5652173913
11.6648648649
11.6666666667
12.1092896175
12.0543478261
12.1648351648
12.1092896175
12.0543478261
12.0540540541
12.0537634409
12.3440860215
12.2887700535
12.2340425532
12.2887700535
12.329787234
12.3703703704
12.3157894737
12.722513089
12.71875
12.6387434555
12.6041666667
12.5492227979
12.5396825397
12.4842105263
12.5425531915
12.4867724868
12.4526315789
12.4301075269
12.5240641711
12.5638297872
12.5483870968
12.513368984
12.5106382979
12.2795698925
12.320855615
12.320855615
12.3191489362
12.2352941176
12.329787234
12.4232804233
12.4210526316
12.3174603175
12.3157894737
12.8272251309
12.9841269841
13.0736842105
13.0680628272
13.1041666667
13.1684210526
13.109947644
13.0520833333
13.2150537634
13.1764705882
13.1382978723
13.1322751323
13.4175824176
13.3770491803
13.4130434783
13.3513513514
13.4408602151
13.3796791444
12.9071038251
12.902173913
12.8804347826
12.8432432432
12.7849462366
12.7486631016
12.8449197861
12.8829787234
12.8783068783
13.0053475936
13.0
12.9417989418
13.0315789474
13.0680628272
13.0680628272
13.15625
13.1502590674
13.1443298969
13.1794871795
13.3333333333
13.274611399
13.3092783505
13.2717948718
13.2142857143
13.4226804124
13.3846153846
13.3265306122
13.3367875648
13.3711340206
13.3333333333
13.3265306122
13.3846153846
13.3469387755
13.2893401015
13.3232323232
13.3165829146
13.26
13.2039800995
13.1340206186
13.1692307692
13.1326530612
13.2182741117
13.3636363636
13.4472361809
13.4141414141
13.3768844221
13.34
13.3034825871
13.26
13.2935323383
13.3673469388
13.3096446701
13.2525252525
13.1959798995
13.28
13.202020202
13.0204081633
12.9644670051
13.0505050505
13.1414141414
13.0854271357
13.03
12.8629441624
12.8080808081
13.0
12.9435897436
13.2448979592
13.3608247423
13.5076923077
13.4489795918
13.5076923077
13.4693877551
13.461928934
13.4242424242
13.2923076923
13.4270833333
13.3678756477
13.3092783505
13.2984293194
13.2604166667
13.2953367876
13.381443299
13.3743589744
13.3163265306
13.2588832487
13.2525252525
13.1897435897
13.1770833333
13.1191709845
13.0824742268
13.1473684211
13.109947644
13.1458333333
13.0880829016
13.125
13.1191709845
13.1134020619
13.0564102564
13.1134020619
13.0769230769
13.0408163265
13.076142132
13.0404040404
12.9849246231
12.93
12.81
12.8457711443
12.8118811881
12.7586206897
12.7549019608
12.83
12.8656716418
13.0099009901
13.1
13.1343283582
13.0792079208
13.0246305419
13.0196078431
12.9853658537
13.0392156863
12.9853658537
12.6926829268
12.6601941748
12.504950495
12.4179104478
12.3861386139
12.3349753695
12.2843137255
12.6634146341
12.6310679612
12.8
12.7475728155
12.8349514563
12.8019323671
13.2692307692
13.2631578947
13.2095238095
13.2427184466
13.2753623188
13.2211538462
13.1674641148
13.1333333333
13.0926829268
13.1414634146
13.0873786408
13.0392156863
12.9853658537
12.932038835
12.8985507246
12.9807692308
12.7729468599
12.8076923077
12.9215686275
12.8682926829
12.7290640394
12.6960784314
12.6634146341
12.26
12.2288557214
12.4670050761
12.6461538462
12.5918367347
12.5583756345
13.2828282828
13.2261306533
13.1065989848
13.0505050505
13.0452261307
13.0659898477
13.0101010101
12.9748743719
13.01
12.9949748744
13.03
13.0646766169
13.0099009901
12.9753694581
13.0495049505
13.0147783251
12.8
12.7462686567
12.5628140704
12.51
12.345177665
12.2929292929
12.2914572864
12.26
12.4141414141
12.3819095477
12.35
12.3959390863
12.3434343434
12.3417085427
12.1649484536
12.1333333333
12.0816326531
12.0304568528
11.9797979798
12.0
12.3195876289
12.1875
12.1554404145
12.1958762887
12.0725388601
12.1134020619
12.0615384615
12.2857142857
12.3248730964
12.3636363636
12.2346938776
12.1827411168
12.1515151515
12.0206185567
11.9692307692
12.0418848168
12.0416666667
11.9896373057
12.0
12.0
12.0846560847
12.1263157895
12.0942408377
12.0416666667
12.1935483871
12.1390374332
11.7692307692
11.9344262295
11.8804347826
12.0773480663
12.1758241758
12.6010928962
12.6593406593
13.1912568306
13.4239130435
13.6777777778
13.6132596685
13.6043956044
13.7582417582
13.7923497268
13.7826086957
13.7802197802
13.868852459
13.8260869565
13.7621621622
13.752688172
13.8043478261
13.7405405405
13.6774193548
13.7647058824
13.7234042553
13.7142857143
13.4810810811
13.4408602151
13.4331550802
13.3405405405
13.752688172
13.7923497268
13.7158469945
13.7065217391
13.6432432432
13.737704918
13.8260869565
13.8594594595
13.8924731183
13.8288770053
13.9
13.8563535912
13.8461538462
13.8032786885
13.8369565217
13.772972973
13.772972973
13.9344262295
13.8695652174
13.8594594595
13.7802197802
13.7158469945
13.6739130435
13.8563535912
13.8461538462
13.8797814208
14.2146892655
14.2471910112
14.1787709497
14.2514285714
14.2045454545
14.1724137931
14.1028571429
14.0909090909
14.2222222222
14.1511627907
14.1871345029
14.2
14.6432748538
14.6744186047
14.7052023121
14.6242774566
14.4285714286
14.3550295858
14.2823529412
14.3157894737
14.3882352941
14.3157894737
14.4069767442
14.3930635838
13.8816568047
13.8705882353
13.9649122807
13.9534883721
13.8843930636
13.9195402299
13.9085714286
13.8409090909
13.988372093
14.0231213873
14.0809248555
14.0344827586
14.1257142857
14.1379310345
14.2
14.4444444444
14.476744186
14.4046242775
14.4367816092
14.0924855491
14.0459770115
14.08
14.0340909091
14.1828571429
14.2159090909
<<<<<<< HEAD
14.1468926554
14.0786516854
14.1704545455
14.1242937853
14.2272727273
14.1581920904
14.6966292135
14.7262569832
14.6555555556
14.6077348066
14.5934065934
14.6229508197
14.652173913
14.652173913
13.9777777778
13.9116022099
13.8461538462
13.9444444444
14.0994475138
14.0549450549
13.9890710383
13.9239130435
13.8594594595
=======
14.2485875706
14.202247191
14.1340782123
14.2259887006
14.1797752809
14.2824858757
14.2134831461
14.748603352
14.7777777778
14.7071823204
14.6593406593
14.6448087432
14.6739130435
14.7027027027
14.7027027027
14.0331491713
13.967032967
13.9016393443
14.0
14.1538461538
14.1092896175
14.0434782609
13.9783783784
13.9139784946
